shape_id,shape_pt_lat,shape_pt_lon,shape_pt_sequence,shape_dist_traveled
tozan_rail,35.2564,139.155,10,
tozan_rail,35.2453878,139.1484547,11,
tozan_rail,35.2448892,139.1477036,12,
tozan_rail,35.2447841,139.1470170,15,
tozan_rail,35.2451330,139.1452250,16,
tozan_rail,35.2455814,139.1433316,17,
tozan_rail,35.2463691,139.1412878,21,
tozan_rail,35.2470455,139.1400433,22,
tozan_rail,35.2466250,139.1351724,24,
tozan_rail,35.2470105,139.1325974,26,
tozan_rail,35.2463796,139.1305375,29,
tozan_rail,35.2462447,139.1291964,30,
tozan_rail,35.2461159,139.1284508,31,
tozan_rail,35.2458539,139.1279626,32,
tozan_rail,35.2426294,139.1243792,38,
tozan_rail,35.2407720,139.1210600,40,
tozan_rail,35.2395590,139.1188860,41,
tozan_rail,35.2384286,139.1176200,42,
tozan_rail,35.2377714,139.1163003,43,
tozan_rail,35.2365709,139.1146052,44,
tozan_rail,35.2344870,139.1125774,45,
tozan_rail,35.2340383,139.1113651,46,
tozan_rail,35.2337509,139.1098309,47,
tozan_rail,35.2341172,139.1079748,48,
tozan_rail,35.2339331,139.1052926,49,
tozan_rail,35.2336334,139.1037959,50,
tozan_rail,35.2326826,139.1028142,51,
tozan_rail,35.2323277,139.1015106,53,
tozan_rail,35.2320297,139.1006577,54,
tozan_rail,35.2320998,139.1001588,55,
tozan_rail,35.2324022,139.0996921,56,
tozan_rail,35.2330507,139.0989786,57,
tozan_rail,35.2335738,139.0966558,58,
tozan_rail,35.2345404,139.0940112,60,
tozan_rail,35.2346587,139.0935498,61,
tozan_rail,35.2342775,139.0912700,62,
tozan_rail,35.2341697,139.0895963,63,
tozan_rail,35.2342837,139.0867853,64,
tozan_rail,35.2341119,139.0852618,65,
tozan_rail,35.2337228,139.0848756,66,
tozan_rail,35.2331655,139.0847683,68,
tozan_rail,35.2326747,139.0852404,69,
tozan_rail,35.2323803,139.0865761,71,
tozan_rail,35.2323233,139.0875632,72,
tozan_rail,35.2322015,139.0880513,73,
tozan_rail,35.2323233,139.0875632,74,
tozan_rail,35.2324872,139.0849721,75,
tozan_rail,35.2324872,139.0849721,76,
tozan_rail,35.2324644,139.0842962,77,
tozan_rail,35.2318281,139.0832931,78,
tozan_rail,35.2321138,139.0818715,80,
tozan_rail,35.2325047,139.0816355,81,
tozan_rail,35.2330393,139.0804446,82,
tozan_rail,35.2331795,139.0787816,84,
tozan_rail,35.2336527,139.0779233,86,
tozan_rail,35.2354842,139.0774941,88,
tozan_rail,35.2358348,139.0771508,90,
tozan_rail,35.2361064,139.0763247,92,
tozan_rail,35.2363956,139.0759706,94,
tozan_rail,35.2380956,139.0752947,96,
tozan_rail,35.2382385,139.0750748,98,
tozan_rail,35.2385760,139.0741200,100,
tozan_rail,35.2382385,139.0750748,101,
tozan_rail,35.2376732,139.0752733,102,
tozan_rail,35.2364289,139.0747851,103,
tozan_rail,35.2357585,139.0749514,104,
tozan_rail,35.2348340,139.0757078,105,
tozan_rail,35.2357585,139.0749514,106,
tozan_rail,35.2361616,139.0744847,107,
tozan_rail,35.2364114,139.0737337,108,
tozan_rail,35.2363781,139.0703917,109,
tozan_rail,35.2365095,139.0695763,110,
tozan_rail,35.2370879,139.0690398,111,
tozan_rail,35.2382446,139.0688145,112,
tozan_rail,35.2385951,139.0682888,113,
tozan_rail,35.2385627,139.0678328,114,
tozan_rail,35.2382823,139.0672857,115,
tozan_rail,35.2382516,139.0670979,116,
tozan_rail,35.2383611,139.0668726,117,
tozan_rail,35.2391454,139.0668941,118,
tozan_rail,35.2393689,139.0667385,119,
tozan_rail,35.2395967,139.0660787,120,
tozan_rail,35.2396462,139.0659553,121,
tozan_rail,35.2400848,139.0657461,122,
tozan_rail,35.2403284,139.0652740,123,
tozan_rail,35.2404686,139.0651023,124,
tozan_rail,35.2410119,139.0645766,125,
tozan_rail,35.2411039,139.0643567,126,
tozan_rail,35.2410995,139.0641743,127,
tozan_rail,35.2410250,139.0637237,128,
tozan_rail,35.2410513,139.0634984,130,
tozan_rail,35.2411564,139.0633535,131,
tozan_rail,35.2416121,139.0633374,132,
tozan_rail,35.2418171,139.0632248,133,
tozan_rail,35.2419920,139.0630100,134,
tozan_rail,35.2428914,139.0618086,135,
tozan_rail,35.2430623,139.0595770,136,
tozan_rail,35.2428125,139.0582198,137,
tozan_rail,35.2427425,139.0568036,138,
tozan_rail,35.2423920,139.0564066,140,
tozan_rail,35.2414018,139.0562135,142,
tozan_rail,35.2406745,139.0558273,144,
tozan_rail,35.2397982,139.0557843,146,
tozan_rail,35.2394083,139.0554357,148,
tozan_rail,35.2390972,139.0545827,149,
tozan_rail,35.2391060,139.0543252,150,
tozan_rail,35.2391980,139.0541375,151,
tozan_rail,35.2393264,139.0540570,152,
tozan_rail,35.2394863,139.0540275,153,
tozan_rail,35.2399003,139.0540570,154,
tozan_rail,35.2400559,139.0539926,155,
tozan_rail,35.2401785,139.0538397,156,
tozan_rail,35.2405760,139.0524830,157,
tozan_rail,35.2407722,139.0518683,158,
tozan_rail,35.2405422,139.0514955,159,
tozan_rail,35.2405312,139.0512863,160,
tozan_rail,35.2406583,139.0510583,161,
tozan_rail,35.2408817,139.0510288,162,
tozan_rail,35.2416375,139.0518093,163,
tozan_rail,35.2419223,139.0519005,164,
tozan_rail,35.2424918,139.0517020,165,
tozan_rail,35.2454281,139.0516001,166,
tozan_rail,35.2456909,139.0514928,167,
tozan_rail,35.2464445,139.0509564,168,
tozan_rail,35.2466548,139.0506238,169,
tozan_rail,35.2466416,139.0501088,170,
tozan_rail,35.2463437,139.0486604,171,
tozan_rail,35.2464532,139.0482044,172,
tozan_rail,35.2467731,139.0479577,173,
tozan_rail,35.2491694,139.0486121,174,
tozan_rail,35.2508648,139.0483224,175,
cruise_poly,35.2378800,138.9945710,1,
cruise_poly,35.2326081,138.9924145,2,
cruise_poly,35.2213901,138.9973068,3,
cruise_poly,35.2098900,139.0040874,4,
cruise_poly,35.1991597,139.0197086,5,
cruise_poly,35.1896438,139.0255558,6,
cruise_poly,35.1991597,139.0197086,7,
cruise_poly,35.2009123,139.0306655,8,
